image: clark_park_greyscale.pgm
resolution: 0.00879
origin: [-15,-15, 0.000000]
negate: 0
width: 4573
height: 3994

