image: ClarkPark.jpg
resolution: 0.007142857
origin: [-15,-15, 0.000000]
negate: 0
width: 4573
height: 3994

